

8
1

models/pedestrianClassifier_8.1


3

1

1

0
0
160
90

0
0
0
0

0
1


day
outdoor

15


11
7
0.5
0.0
15.0
1.8
22.0
20.0
.016
.013
80.0
90.0

5
4
0.5
0.0
15.0
2.0
22.0
20.0
.016
.013
80.0
90.0

20
0
7

30
30
1
30
30


1
1

1
1

15


11
7
0.5
0.0
15.0
1.8
22.0
20.0
.016
.013
80.0
90.0

5
4
0.5
0.0
15.0
2.0
22.0
20.0
.016
.013
80.0
90.0

12
0.8
7

30
30
1
30
30


1
1

1
1

15


15
6
0.5
0.0
1.87
1.7
2.7
4.8
.005
-.005
10.0
11.0

5
4
0.5
0.0
15.0
2.0
22.0
20.0
.016
.013
80.0
90.0

20
0
3

7
10
1
7
7


1
1

1
1

15


15
5
0.5
0.0
1.87
2.0
2.7
4.8
.005
.0004
1000.0
1000.0

5
4
0.5
0.0
15.0
2.0
22.0
20.0
.016
.013
80.0
90.0

12
0.8
3

7
10
1
7
7


1
1

1
1
